Selection	View	Channel	Begin Time (s)	End Time (s)	Low Freq (Hz)	High Freq (Hz)	Annotation
1	Waveform 1	1	0.139936692	0.329528338	0.000	22050.000	230
1	Spectrogram 1	1	0.139936692	0.329528338	0.000	22050.000	230
2	Waveform 1	1	0.347584686	0.519119985	0.000	22050.000	230
2	Spectrogram 1	1	0.347584686	0.519119985	0.000	22050.000	230
3	Waveform 1	1	0.519119985	0.690655284	0.000	22050.000	230
3	Spectrogram 1	1	0.519119985	0.690655284	0.000	22050.000	230
4	Waveform 1	1	0.690655284	0.934415973	0.000	22050.000	230
4	Spectrogram 1	1	0.690655284	0.934415973	0.000	22050.000	230
5	Waveform 1	1	0.934415973	1.151092140	0.000	22050.000	230
5	Spectrogram 1	1	0.934415973	1.151092140	0.000	22050.000	230
6	Waveform 1	1	1.169148488	1.701810733	0.000	22050.000	230
6	Spectrogram 1	1	1.169148488	1.701810733	0.000	22050.000	230
7	Waveform 1	1	1.769522035	2.031339071	0.000	22050.000	230
7	Spectrogram 1	1	1.769522035	2.031339071	0.000	22050.000	230
8	Waveform 1	1	2.031339071	2.324754715	0.000	22050.000	230
8	Spectrogram 1	1	2.031339071	2.324754715	0.000	22050.000	230
9	Waveform 1	1	2.351839236	2.573029490	0.000	22050.000	230
9	Spectrogram 1	1	2.351839236	2.573029490	0.000	22050.000	230
10	Waveform 1	1	2.645254879	3.159860777	0.000	22050.000	230
10	Spectrogram 1	1	2.645254879	3.159860777	0.000	22050.000	230
11	Waveform 1	1	3.290769295	3.579670852	0.000	22050.000	230
11	Spectrogram 1	1	3.290769295	3.579670852	0.000	22050.000	230
12	Waveform 1	1	3.579670852	3.809889280	0.000	22050.000	230
12	Spectrogram 1	1	3.579670852	3.809889280	0.000	22050.000	230
13	Waveform 1	1	3.809889280	3.999480927	0.000	22050.000	230
13	Spectrogram 1	1	3.809889280	3.999480927	0.000	22050.000	230
14	Waveform 1	1	3.999480927	4.207128921	0.000	22050.000	230
14	Spectrogram 1	1	3.999480927	4.207128921	0.000	22050.000	230
15	Waveform 1	1	4.207128921	4.401234654	0.000	22050.000	230
15	Spectrogram 1	1	4.207128921	4.401234654	0.000	22050.000	230
16	Waveform 1	1	4.401234654	4.595340388	0.000	22050.000	230
16	Spectrogram 1	1	4.401234654	4.595340388	0.000	22050.000	230
17	Waveform 1	1	4.595340388	4.802988382	0.000	22050.000	230
17	Spectrogram 1	1	4.595340388	4.802988382	0.000	22050.000	230
18	Waveform 1	1	4.802988382	5.051263157	0.000	22050.000	230
18	Spectrogram 1	1	4.802988382	5.051263157	0.000	22050.000	230
19	Waveform 1	1	5.051263157	5.258911151	0.000	22050.000	230
19	Spectrogram 1	1	5.051263157	5.258911151	0.000	22050.000	230
20	Waveform 1	1	5.258911151	5.475587319	0.000	22050.000	230
20	Spectrogram 1	1	5.258911151	5.475587319	0.000	22050.000	230
21	Waveform 1	1	5.475587319	5.719348007	0.000	22050.000	230
21	Spectrogram 1	1	5.475587319	5.719348007	0.000	22050.000	230
22	Waveform 1	1	5.719348007	5.913453741	0.000	22050.000	230
22	Spectrogram 1	1	5.719348007	5.913453741	0.000	22050.000	230
23	Waveform 1	1	5.913453741	6.107559474	0.000	22050.000	230
23	Spectrogram 1	1	5.913453741	6.107559474	0.000	22050.000	230
24	Waveform 1	1	6.107559474	6.306179294	0.000	22050.000	230
24	Spectrogram 1	1	6.107559474	6.306179294	0.000	22050.000	230
25	Waveform 1	1	6.306179294	6.518341375	0.000	22050.000	230
25	Spectrogram 1	1	6.306179294	6.518341375	0.000	22050.000	230
26	Waveform 1	1	6.518341375	6.721475282	0.000	22050.000	230
26	Spectrogram 1	1	6.518341375	6.721475282	0.000	22050.000	230
27	Waveform 1	1	6.789186585	7.317334743	0.000	22050.000	230
27	Spectrogram 1	1	6.789186585	7.317334743	0.000	22050.000	230
28	Waveform 1	1	7.669433516	7.836454728	0.000	22050.000	230
28	Spectrogram 1	1	7.669433516	7.836454728	0.000	22050.000	230
29	Waveform 1	1	7.899651944	8.107299938	0.000	22050.000	230
29	Spectrogram 1	1	7.899651944	8.107299938	0.000	22050.000	230
30	Waveform 1	1	8.107299938	8.342032452	0.000	22050.000	230
30	Spectrogram 1	1	8.107299938	8.342032452	0.000	22050.000	230
31	Waveform 1	1	8.342032452	8.567736794	0.000	22050.000	230
31	Spectrogram 1	1	8.342032452	8.567736794	0.000	22050.000	230
32	Waveform 1	1	8.567736794	8.928863740	0.000	22050.000	230
32	Spectrogram 1	1	8.567736794	8.928863740	0.000	22050.000	230
33	Waveform 1	1	8.992060955	9.235821644	0.000	22050.000	230
33	Spectrogram 1	1	8.992060955	9.235821644	0.000	22050.000	230
34	Waveform 1	1	9.348673814	9.574378156	0.000	22050.000	230
34	Spectrogram 1	1	9.348673814	9.574378156	0.000	22050.000	230
35	Waveform 1	1	15.272813090	15.850616203	0.000	22050.000	230
35	Spectrogram 1	1	15.272813090	15.850616203	0.000	22050.000	230
36	Waveform 1	1	15.967982461	16.053750110	0.000	22050.000	230
36	Spectrogram 1	1	15.967982461	16.053750110	0.000	22050.000	230
37	Waveform 1	1	16.153060021	16.311053059	0.000	22050.000	230
37	Spectrogram 1	1	16.153060021	16.311053059	0.000	22050.000	230
38	Waveform 1	1	16.351679841	16.523215140	0.000	22050.000	230
38	Spectrogram 1	1	16.351679841	16.523215140	0.000	22050.000	230
39	Waveform 1	1	16.568356008	16.735377221	0.000	22050.000	230
39	Spectrogram 1	1	16.568356008	16.735377221	0.000	22050.000	230
40	Waveform 1	1	16.735377221	16.974623823	0.000	22050.000	230
40	Spectrogram 1	1	16.735377221	16.974623823	0.000	22050.000	230
41	Waveform 1	1	16.970109736	17.123588688	0.000	22050.000	230
41	Spectrogram 1	1	16.970109736	17.123588688	0.000	22050.000	230
42	Waveform 1	1	17.123588688	17.353807116	0.000	22050.000	230
42	Spectrogram 1	1	17.123588688	17.353807116	0.000	22050.000	230
43	Waveform 1	1	17.353807116	17.520828329	0.000	22050.000	230
43	Spectrogram 1	1	17.353807116	17.520828329	0.000	22050.000	230
44	Waveform 1	1	17.520828329	17.737504496	0.000	22050.000	230
44	Spectrogram 1	1	17.520828329	17.737504496	0.000	22050.000	230
45	Waveform 1	1	17.737504496	17.927096143	0.000	22050.000	230
45	Spectrogram 1	1	17.737504496	17.927096143	0.000	22050.000	230
46	Waveform 1	1	18.003835619	18.351420304	0.000	22050.000	230
46	Spectrogram 1	1	18.003835619	18.351420304	0.000	22050.000	230
47	Waveform 1	1	18.531983777	18.748659945	0.000	22050.000	230
47	Spectrogram 1	1	18.531983777	18.748659945	0.000	22050.000	230
48	Waveform 1	1	18.798314900	18.987906547	0.000	22050.000	230
48	Spectrogram 1	1	18.798314900	18.987906547	0.000	22050.000	230
49	Waveform 1	1	19.046589675	19.249723582	0.000	22050.000	230
49	Spectrogram 1	1	19.046589675	19.249723582	0.000	22050.000	230
50	Waveform 1	1	19.294864451	19.497998358	0.000	22050.000	230
50	Spectrogram 1	1	19.294864451	19.497998358	0.000	22050.000	230
51	Waveform 1	1	19.565709660	19.750787220	0.000	22050.000	230
51	Spectrogram 1	1	19.565709660	19.750787220	0.000	22050.000	230
52	Waveform 1	1	19.863639391	20.035174690	0.000	22050.000	230
52	Spectrogram 1	1	19.863639391	20.035174690	0.000	22050.000	230
53	Waveform 1	1	23.060077876	23.732676813	0.000	22050.000	230
53	Spectrogram 1	1	23.060077876	23.732676813	0.000	22050.000	230
54	Waveform 1	1	23.872613505	24.017064283	0.000	22050.000	230
54	Spectrogram 1	1	23.872613505	24.017064283	0.000	22050.000	230
55	Waveform 1	1	24.062205151	24.206655930	0.000	22050.000	230
55	Spectrogram 1	1	24.062205151	24.206655930	0.000	22050.000	230
56	Waveform 1	1	24.319508100	24.694177307	0.000	22050.000	230
56	Spectrogram 1	1	24.319508100	24.694177307	0.000	22050.000	230
57	Waveform 1	1	24.937937995	25.326149462	0.000	22050.000	230
57	Spectrogram 1	1	24.937937995	25.326149462	0.000	22050.000	230
58	Waveform 1	1	25.533797456	25.912980749	0.000	22050.000	230
58	Spectrogram 1	1	25.533797456	25.912980749	0.000	22050.000	230
59	Waveform 1	1	26.170283698	26.346333085	0.000	22050.000	230
59	Spectrogram 1	1	26.170283698	26.346333085	0.000	22050.000	230
60	Waveform 1	1	26.432100734	26.590093773	0.000	22050.000	230
60	Spectrogram 1	1	26.432100734	26.590093773	0.000	22050.000	230
61	Waveform 1	1	26.648776902	26.815798114	0.000	22050.000	230
61	Spectrogram 1	1	26.648776902	26.815798114	0.000	22050.000	230
62	Waveform 1	1	26.888023504	27.050530629	0.000	22050.000	230
62	Spectrogram 1	1	26.888023504	27.050530629	0.000	22050.000	230
63	Waveform 1	1	27.050530629	27.217551842	0.000	22050.000	230
63	Spectrogram 1	1	27.050530629	27.217551842	0.000	22050.000	230
64	Waveform 1	1	27.244636363	27.393601228	0.000	22050.000	230
64	Spectrogram 1	1	27.244636363	27.393601228	0.000	22050.000	230
65	Waveform 1	1	27.438742096	27.610277396	0.000	22050.000	230
65	Spectrogram 1	1	27.438742096	27.610277396	0.000	22050.000	230
66	Waveform 1	1	27.691530958	28.084256512	0.000	22050.000	230
66	Spectrogram 1	1	27.691530958	28.084256512	0.000	22050.000	230
67	Waveform 1	1	28.206136856	28.413784850	0.000	22050.000	230
67	Spectrogram 1	1	28.206136856	28.413784850	0.000	22050.000	230
68	Waveform 1	1	28.449897545	28.657545539	0.000	22050.000	230
68	Spectrogram 1	1	28.449897545	28.657545539	0.000	22050.000	230
69	Waveform 1	1	28.657545539	28.878735793	0.000	22050.000	230
69	Spectrogram 1	1	28.657545539	28.878735793	0.000	22050.000	230
70	Waveform 1	1	28.937418922	29.122496482	0.000	22050.000	230
70	Spectrogram 1	1	28.937418922	29.122496482	0.000	22050.000	230
71	Waveform 1	1	29.190207784	29.357228997	0.000	22050.000	230
71	Spectrogram 1	1	29.190207784	29.357228997	0.000	22050.000	230
72	Waveform 1	1	29.406883952	29.596475599	0.000	22050.000	230
72	Spectrogram 1	1	29.406883952	29.596475599	0.000	22050.000	230
73	Waveform 1	1	29.691271422	29.826694027	0.000	22050.000	230
73	Spectrogram 1	1	29.691271422	29.826694027	0.000	22050.000	230
74	Waveform 1	1	45.302199958	45.649784643	0.000	22050.000	231
74	Spectrogram 1	1	45.302199958	45.649784643	0.000	22050.000	231
75	Waveform 1	1	48.215426848	48.576553794	0.000	22050.000	231
75	Spectrogram 1	1	48.215426848	48.576553794	0.000	22050.000	231
76	Waveform 1	1	108.875386501	109.227485273	0.000	22050.000	231
76	Spectrogram 1	1	108.875386501	109.227485273	0.000	22050.000	231
77	Waveform 1	1	109.340337444	109.552499524	0.000	22050.000	231
77	Spectrogram 1	1	109.340337444	109.552499524	0.000	22050.000	231
78	Waveform 1	1	109.669865782	109.882027863	0.000	22050.000	231
78	Spectrogram 1	1	109.669865782	109.882027863	0.000	22050.000	231
79	Waveform 1	1	114.462018615	114.723835651	0.000	22050.000	231
79	Spectrogram 1	1	114.462018615	114.723835651	0.000	22050.000	231
80	Waveform 1	1	114.836687822	115.044335816	0.000	22050.000	231
80	Spectrogram 1	1	114.836687822	115.044335816	0.000	22050.000	231
81	Waveform 1	1	115.179758420	115.428033196	0.000	22050.000	231
81	Spectrogram 1	1	115.179758420	115.428033196	0.000	22050.000	231
82	Waveform 1	1	115.572483974	115.816244663	0.000	22050.000	231
82	Spectrogram 1	1	115.572483974	115.816244663	0.000	22050.000	231
83	Waveform 1	1	115.978751788	116.190913869	0.000	22050.000	231
83	Spectrogram 1	1	115.978751788	116.190913869	0.000	22050.000	231
84	Waveform 1	1	116.375991429	116.917681848	0.000	22050.000	231
84	Spectrogram 1	1	116.375991429	116.917681848	0.000	22050.000	231
85	Waveform 1	1	117.016991758	117.224639752	0.000	22050.000	231
85	Spectrogram 1	1	117.016991758	117.224639752	0.000	22050.000	231
86	Waveform 1	1	117.301379228	117.504513135	0.000	22050.000	231
86	Spectrogram 1	1	117.301379228	117.504513135	0.000	22050.000	231
87	Waveform 1	1	117.829527387	118.195168419	0.000	22050.000	231
87	Spectrogram 1	1	117.829527387	118.195168419	0.000	22050.000	231
88	Waveform 1	1	118.321562851	118.529210844	0.000	22050.000	231
88	Spectrogram 1	1	118.321562851	118.529210844	0.000	22050.000	231
89	Waveform 1	1	118.560809452	118.754915186	0.000	22050.000	231
89	Spectrogram 1	1	118.560809452	118.754915186	0.000	22050.000	231
90	Waveform 1	1	118.853235345	119.354298982	0.000	22050.000	231
90	Spectrogram 1	1	118.853235345	119.354298982	0.000	22050.000	231
91	Waveform 1	1	126.575341096	127.022235692	0.000	22050.000	231
91	Spectrogram 1	1	126.575341096	127.022235692	0.000	22050.000	231
92	Waveform 1	1	127.455588027	127.753517757	0.000	22050.000	231
92	Spectrogram 1	1	127.455588027	127.753517757	0.000	22050.000	231
93	Waveform 1	1	127.830257233	127.956651664	0.000	22050.000	231
93	Spectrogram 1	1	127.830257233	127.956651664	0.000	22050.000	231
94	Waveform 1	1	127.988250272	128.150757398	0.000	22050.000	231
94	Spectrogram 1	1	127.988250272	128.150757398	0.000	22050.000	231
95	Waveform 1	1	128.150757398	128.340349045	0.000	22050.000	231
95	Spectrogram 1	1	128.150757398	128.340349045	0.000	22050.000	231
96	Waveform 1	1	128.340349045	128.502856170	0.000	22050.000	231
96	Spectrogram 1	1	128.340349045	128.502856170	0.000	22050.000	231
97	Waveform 1	1	128.502856170	128.692447817	0.000	22050.000	231
97	Spectrogram 1	1	128.502856170	128.692447817	0.000	22050.000	231
98	Waveform 1	1	128.692447817	128.877525377	0.000	22050.000	231
98	Spectrogram 1	1	128.692447817	128.877525377	0.000	22050.000	231
99	Waveform 1	1	128.886553550	129.089687457	0.000	22050.000	231
99	Spectrogram 1	1	128.886553550	129.089687457	0.000	22050.000	231
100	Waveform 1	1	129.098715631	129.477898924	0.000	22050.000	231
100	Spectrogram 1	1	129.098715631	129.477898924	0.000	22050.000	231
101	Waveform 1	1	129.568180661	129.762286394	0.000	22050.000	231
101	Spectrogram 1	1	129.568180661	129.762286394	0.000	22050.000	231
102	Waveform 1	1	129.811941349	130.015075257	0.000	22050.000	231
102	Spectrogram 1	1	129.811941349	130.015075257	0.000	22050.000	231
103	Waveform 1	1	130.037645691	130.272378206	0.000	22050.000	231
103	Spectrogram 1	1	130.037645691	130.272378206	0.000	22050.000	231
104	Waveform 1	1	130.272378206	130.538709328	0.000	22050.000	231
104	Spectrogram 1	1	130.272378206	130.538709328	0.000	22050.000	231
105	Waveform 1	1	130.583850196	131.035258879	0.000	22050.000	231
105	Spectrogram 1	1	130.583850196	131.035258879	0.000	22050.000	231
106	Waveform 1	1	131.170681484	131.409928085	0.000	22050.000	231
106	Spectrogram 1	1	131.170681484	131.409928085	0.000	22050.000	231
107	Waveform 1	1	131.509237996	131.730428250	0.000	22050.000	231
107	Spectrogram 1	1	131.509237996	131.730428250	0.000	22050.000	231
108	Waveform 1	1	136.418890935	136.707792492	0.000	22050.000	231
108	Spectrogram 1	1	136.418890935	136.707792492	0.000	22050.000	231
109	Waveform 1	1	137.163715261	137.339764648	0.000	22050.000	231
109	Spectrogram 1	1	137.163715261	137.339764648	0.000	22050.000	231
110	Waveform 1	1	137.430046384	137.646722552	0.000	22050.000	231
110	Spectrogram 1	1	137.430046384	137.646722552	0.000	22050.000	231
111	Waveform 1	1	137.773116983	137.976250890	0.000	22050.000	231
111	Spectrogram 1	1	137.773116983	137.976250890	0.000	22050.000	231
112	Waveform 1	1	138.093617147	138.274180620	0.000	22050.000	231
112	Spectrogram 1	1	138.093617147	138.274180620	0.000	22050.000	231
113	Waveform 1	1	138.346406009	138.563082177	0.000	22050.000	231
113	Spectrogram 1	1	138.346406009	138.563082177	0.000	22050.000	231
114	Waveform 1	1	138.924209123	139.244709288	0.000	22050.000	231
114	Spectrogram 1	1	138.924209123	139.244709288	0.000	22050.000	231
115	Waveform 1	1	139.411730500	139.650977102	0.000	22050.000	231
115	Spectrogram 1	1	139.411730500	139.650977102	0.000	22050.000	231
116	Waveform 1	1	139.736744752	139.962449093	0.000	22050.000	231
116	Spectrogram 1	1	139.736744752	139.962449093	0.000	22050.000	231
117	Waveform 1	1	140.052730829	140.242322476	0.000	22050.000	231
117	Spectrogram 1	1	140.052730829	140.242322476	0.000	22050.000	231
118	Waveform 1	1	140.323576039	140.526709946	0.000	22050.000	231
118	Spectrogram 1	1	140.323576039	140.526709946	0.000	22050.000	231
119	Waveform 1	1	295.422484164	295.724927982	0.000	22050.000	232
119	Spectrogram 1	1	295.422484164	295.724927982	0.000	22050.000	232
120	Waveform 1	1	298.039096643	298.377653155	0.000	22050.000	233
120	Spectrogram 1	1	298.039096643	298.377653155	0.000	22050.000	233
121	Waveform 1	1	298.441374605	298.694163467	0.000	22050.000	233
121	Spectrogram 1	1	298.441374605	298.694163467	0.000	22050.000	233
122	Waveform 1	1	298.915353722	299.222311626	0.000	22050.000	233
122	Spectrogram 1	1	298.915353722	299.222311626	0.000	22050.000	233
123	Waveform 1	1	299.308079275	299.596980832	0.000	22050.000	233
123	Spectrogram 1	1	299.308079275	299.596980832	0.000	22050.000	233
124	Waveform 1	1	299.777544305	300.084502209	0.000	22050.000	233
124	Spectrogram 1	1	299.777544305	300.084502209	0.000	22050.000	233
