Selection	View	Channel	Begin Time (s)	End Time (s)	Low Freq (Hz)	High Freq (Hz)	Annotation
1	Waveform 1	1	53.036838213	53.338040586	0.000	22050.000	197
1	Spectrogram 1	1	53.036838213	53.338040586	0.000	22050.000	197
2	Waveform 1	1	53.382900513	53.555931664	0.000	22050.000	197
2	Spectrogram 1	1	53.382900513	53.555931664	0.000	22050.000	197
3	Waveform 1	1	53.613608714	53.895585403	0.000	22050.000	197
3	Spectrogram 1	1	53.613608714	53.895585403	0.000	22050.000	197
4	Waveform 1	1	53.953262453	54.183970653	0.000	22050.000	197
4	Spectrogram 1	1	53.953262453	54.183970653	0.000	22050.000	197
5	Waveform 1	1	54.216013458	54.491581586	0.000	22050.000	197
5	Spectrogram 1	1	54.216013458	54.491581586	0.000	22050.000	197
6	Waveform 1	1	54.587710003	54.805601081	0.000	22050.000	197
6	Spectrogram 1	1	54.587710003	54.805601081	0.000	22050.000	197
7	Waveform 1	1	54.869686692	55.151663381	0.000	22050.000	197
7	Spectrogram 1	1	54.869686692	55.151663381	0.000	22050.000	197
8	Waveform 1	1	55.222157553	55.433640070	0.000	22050.000	197
8	Spectrogram 1	1	55.222157553	55.433640070	0.000	22050.000	197
9	Waveform 1	1	62.797592079	63.002666035	0.000	22050.000	197
9	Spectrogram 1	1	62.797592079	63.002666035	0.000	22050.000	197
10	Waveform 1	1	63.105203013	63.393588263	0.000	22050.000	197
10	Spectrogram 1	1	63.105203013	63.393588263	0.000	22050.000	197
11	Waveform 1	1	63.534576607	63.707607757	0.000	22050.000	197
11	Spectrogram 1	1	63.534576607	63.707607757	0.000	22050.000	197
12	Waveform 1	1	63.797327613	64.098529985	0.000	22050.000	197
12	Spectrogram 1	1	63.797327613	64.098529985	0.000	22050.000	197
13	Waveform 1	1	78.632744165	78.837818121	0.000	22050.000	197
13	Spectrogram 1	1	78.632744165	78.837818121	0.000	22050.000	197
14	Waveform 1	1	78.914720854	79.183880421	0.000	22050.000	197
14	Spectrogram 1	1	78.914720854	79.183880421	0.000	22050.000	197
15	Waveform 1	1	79.376137255	79.529942721	0.000	22050.000	197
15	Spectrogram 1	1	79.376137255	79.529942721	0.000	22050.000	197
16	Waveform 1	1	79.632479699	79.888822144	0.000	22050.000	197
16	Spectrogram 1	1	79.632479699	79.888822144	0.000	22050.000	197
17	Waveform 1	1	80.029810488	80.202841638	0.000	22050.000	197
17	Spectrogram 1	1	80.029810488	80.202841638	0.000	22050.000	197
18	Waveform 1	1	80.337421422	80.587355305	0.000	22050.000	197
18	Spectrogram 1	1	80.337421422	80.587355305	0.000	22050.000	197
19	Waveform 1	1	80.715526528	80.901374800	0.000	22050.000	197
19	Spectrogram 1	1	80.715526528	80.901374800	0.000	22050.000	197
20	Waveform 1	1	80.997503217	81.260254222	0.000	22050.000	197
20	Spectrogram 1	1	80.997503217	81.260254222	0.000	22050.000	197
21	Waveform 1	1	81.420468250	81.657585011	0.000	22050.000	197
21	Spectrogram 1	1	81.420468250	81.657585011	0.000	22050.000	197
22	Waveform 1	1	81.779347673	82.042098678	0.000	22050.000	197
22	Spectrogram 1	1	81.779347673	82.042098678	0.000	22050.000	197
23	Waveform 1	1	82.195904145	82.420203784	0.000	22050.000	197
23	Spectrogram 1	1	82.195904145	82.420203784	0.000	22050.000	197
24	Waveform 1	1	82.516332201	82.734223279	0.000	22050.000	197
24	Spectrogram 1	1	82.516332201	82.734223279	0.000	22050.000	197
25	Waveform 1	1	82.855985940	83.009791407	0.000	22050.000	197
25	Spectrogram 1	1	82.855985940	83.009791407	0.000	22050.000	197
26	Waveform 1	1	83.125145507	83.375079390	0.000	22050.000	197
26	Spectrogram 1	1	83.125145507	83.375079390	0.000	22050.000	197
27	Waveform 1	1	142.041070942	142.335864753	0.000	22050.000	198
27	Spectrogram 1	1	142.041070942	142.335864753	0.000	22050.000	198
28	Waveform 1	1	143.060032159	143.303557481	0.000	22050.000	198
28	Spectrogram 1	1	143.060032159	143.303557481	0.000	22050.000	198
29	Waveform 1	1	152.673463672	152.981074606	0.000	22050.000	198
29	Spectrogram 1	1	152.673463672	152.981074606	0.000	22050.000	198
30	Waveform 1	1	171.724959469	171.968484791	0.000	22050.000	198
30	Spectrogram 1	1	171.724959469	171.968484791	0.000	22050.000	198
31	Waveform 1	1	172.218418675	172.519621047	0.000	22050.000	198
31	Spectrogram 1	1	172.218418675	172.519621047	0.000	22050.000	198
32	Waveform 1	1	173.122025792	173.384776797	0.000	22050.000	198
32	Spectrogram 1	1	173.122025792	173.384776797	0.000	22050.000	198
33	Waveform 1	1	225.787032027	226.017740227	0.000	22050.000	198
33	Spectrogram 1	1	225.787032027	226.017740227	0.000	22050.000	198
34	Waveform 1	1	229.717764105	229.974106550	0.000	22050.000	198
34	Spectrogram 1	1	229.717764105	229.974106550	0.000	22050.000	198
35	Waveform 1	1	232.945765526	233.202107971	0.000	22050.000	198
35	Spectrogram 1	1	232.945765526	233.202107971	0.000	22050.000	198
36	Waveform 1	1	239.681911776	240.047199760	0.000	22050.000	198
36	Spectrogram 1	1	239.681911776	240.047199760	0.000	22050.000	198
37	Waveform 1	1	240.047199760	240.380444938	0.000	22050.000	198
37	Spectrogram 1	1	240.047199760	240.380444938	0.000	22050.000	198
38	Waveform 1	1	245.244707488	245.507458494	0.000	22050.000	198
38	Spectrogram 1	1	245.244707488	245.507458494	0.000	22050.000	198
39	Waveform 1	1	247.861762670	248.169373603	0.000	22050.000	198
39	Spectrogram 1	1	247.861762670	248.169373603	0.000	22050.000	198
40	Waveform 1	1	251.464174577	251.771785511	0.000	22050.000	198
40	Spectrogram 1	1	251.464174577	251.771785511	0.000	22050.000	198
41	Waveform 1	1	261.129463826	261.437074760	0.000	22050.000	198
41	Spectrogram 1	1	261.129463826	261.437074760	0.000	22050.000	198
42	Waveform 1	1	261.661374399	261.898491160	0.000	22050.000	198
42	Spectrogram 1	1	261.661374399	261.898491160	0.000	22050.000	198
43	Waveform 1	1	262.116382238	262.423993171	0.000	22050.000	198
43	Spectrogram 1	1	262.116382238	262.423993171	0.000	22050.000	198
44	Waveform 1	1	262.603432883	262.904635255	0.000	22050.000	198
44	Spectrogram 1	1	262.603432883	262.904635255	0.000	22050.000	198
45	Waveform 1	1	275.207830143	275.489806832	0.000	22050.000	198
45	Spectrogram 1	1	275.207830143	275.489806832	0.000	22050.000	198
46	Waveform 1	1	277.546954950	277.816114517	0.000	22050.000	198
46	Spectrogram 1	1	277.546954950	277.816114517	0.000	22050.000	198
47	Waveform 1	1	283.717552389	283.986711956	0.000	22050.000	198
47	Spectrogram 1	1	283.717552389	283.986711956	0.000	22050.000	198
48	Waveform 1	1	285.210747129	285.403003963	0.000	22050.000	198
48	Spectrogram 1	1	285.210747129	285.403003963	0.000	22050.000	198
49	Waveform 1	1	291.553327548	291.835304237	0.000	22050.000	198
49	Spectrogram 1	1	291.553327548	291.835304237	0.000	22050.000	198
50	Waveform 1	1	325.770473738	326.052450427	0.000	22050.000	198
50	Spectrogram 1	1	325.770473738	326.052450427	0.000	22050.000	198
51	Waveform 1	1	326.276750066	326.552318194	0.000	22050.000	198
51	Spectrogram 1	1	326.276750066	326.552318194	0.000	22050.000	198
52	Waveform 1	1	326.821477761	327.090637328	0.000	22050.000	198
52	Spectrogram 1	1	326.821477761	327.090637328	0.000	22050.000	198
53	Waveform 1	1	327.385431139	327.641773584	0.000	22050.000	198
53	Spectrogram 1	1	327.385431139	327.641773584	0.000	22050.000	198
54	Waveform 1	1	332.642443413	332.821883124	0.000	22050.000	198
54	Spectrogram 1	1	332.642443413	332.821883124	0.000	22050.000	198
55	Waveform 1	1	332.918011541	333.199988230	0.000	22050.000	198
55	Spectrogram 1	1	332.918011541	333.199988230	0.000	22050.000	198
56	Waveform 1	1	333.693447436	333.994649808	0.000	22050.000	198
56	Spectrogram 1	1	333.693447436	333.994649808	0.000	22050.000	198
57	Waveform 1	1	334.180498081	334.462474770	0.000	22050.000	198
57	Spectrogram 1	1	334.180498081	334.462474770	0.000	22050.000	198
58	Waveform 1	1	346.439915352	346.702666357	0.000	22050.000	198
58	Spectrogram 1	1	346.439915352	346.702666357	0.000	22050.000	198
59	Waveform 1	1	406.800365918	407.043891240	0.000	22050.000	198
59	Spectrogram 1	1	406.800365918	407.043891240	0.000	22050.000	198
60	Waveform 1	1	407.255373757	407.524533324	0.000	22050.000	198
60	Spectrogram 1	1	407.255373757	407.524533324	0.000	22050.000	198
61	Waveform 1	1	408.229475046	408.517860296	0.000	22050.000	198
61	Spectrogram 1	1	408.229475046	408.517860296	0.000	22050.000	198
62	Waveform 1	1	443.760116406	444.106178706	0.000	22050.000	199
62	Spectrogram 1	1	443.760116406	444.106178706	0.000	22050.000	199
63	Waveform 1	1	444.471466690	444.747034818	0.000	22050.000	199
63	Spectrogram 1	1	444.471466690	444.747034818	0.000	22050.000	199
64	Waveform 1	1	445.157182729	445.413525174	0.000	22050.000	199
64	Spectrogram 1	1	445.157182729	445.413525174	0.000	22050.000	199
65	Waveform 1	1	445.733953229	446.003112796	0.000	22050.000	199
65	Spectrogram 1	1	445.733953229	446.003112796	0.000	22050.000	199
66	Waveform 1	1	446.624743224	446.887494230	0.000	22050.000	199
66	Spectrogram 1	1	446.624743224	446.887494230	0.000	22050.000	199
67	Waveform 1	1	490.848078460	491.239000688	0.000	22050.000	200
67	Spectrogram 1	1	490.848078460	491.239000688	0.000	22050.000	200
68	Waveform 1	1	491.251817810	491.617105794	0.000	22050.000	200
68	Spectrogram 1	1	491.251817810	491.617105794	0.000	22050.000	200
69	Waveform 1	1	491.629922916	491.950350972	0.000	22050.000	200
69	Spectrogram 1	1	491.629922916	491.950350972	0.000	22050.000	200
70	Waveform 1	1	491.950350972	492.315638955	0.000	22050.000	200
70	Spectrogram 1	1	491.950350972	492.315638955	0.000	22050.000	200
