Selection	View	Channel	Begin Time (s)	End Time (s)	Low Freq (Hz)	High Freq (Hz)	Annotation
1	Waveform 1	1	69.053765155	69.464931961	0.000	22050.000	324
1	Spectrogram 1	1	69.053765155	69.464931961	0.000	22050.000	324
2	Waveform 1	1	69.437881513	70.027581273	0.000	22050.000	324
2	Spectrogram 1	1	69.437881513	70.027581273	0.000	22050.000	324
3	Waveform 1	1	70.097912437	70.357596735	0.000	22050.000	324
3	Spectrogram 1	1	70.097912437	70.357596735	0.000	22050.000	324
4	Waveform 1	1	70.357596735	70.541539780	0.000	22050.000	324
4	Spectrogram 1	1	70.357596735	70.541539780	0.000	22050.000	324
5	Waveform 1	1	70.541539780	70.709252556	0.000	22050.000	324
5	Spectrogram 1	1	70.541539780	70.709252556	0.000	22050.000	324
6	Waveform 1	1	70.698432377	70.914835958	0.000	22050.000	324
6	Spectrogram 1	1	70.698432377	70.914835958	0.000	22050.000	324
7	Waveform 1	1	70.914835958	71.098779003	0.000	22050.000	324
7	Spectrogram 1	1	70.914835958	71.098779003	0.000	22050.000	324
8	Waveform 1	1	71.077138645	71.261081689	0.000	22050.000	324
8	Spectrogram 1	1	71.077138645	71.261081689	0.000	22050.000	324
9	Waveform 1	1	71.261081689	71.445024734	0.000	22050.000	324
9	Spectrogram 1	1	71.261081689	71.445024734	0.000	22050.000	324
10	Waveform 1	1	71.445024734	71.645198047	0.000	22050.000	324
10	Spectrogram 1	1	71.445024734	71.645198047	0.000	22050.000	324
11	Waveform 1	1	71.645198047	71.861601628	0.000	22050.000	324
11	Spectrogram 1	1	71.645198047	71.861601628	0.000	22050.000	324
12	Waveform 1	1	71.861601628	72.408020672	0.000	22050.000	324
12	Spectrogram 1	1	71.861601628	72.408020672	0.000	22050.000	324
13	Waveform 1	1	72.494582105	72.705575597	0.000	22050.000	324
13	Spectrogram 1	1	72.494582105	72.705575597	0.000	22050.000	324
14	Waveform 1	1	72.705575597	72.959849806	0.000	22050.000	324
14	Spectrogram 1	1	72.705575597	72.959849806	0.000	22050.000	324
15	Waveform 1	1	72.959849806	73.181663477	0.000	22050.000	324
15	Spectrogram 1	1	72.959849806	73.181663477	0.000	22050.000	324
16	Waveform 1	1	82.295851763	82.663737852	0.000	22050.000	324
16	Spectrogram 1	1	82.295851763	82.663737852	0.000	22050.000	324
17	Waveform 1	1	82.901781792	83.329178866	0.000	22050.000	324
17	Spectrogram 1	1	82.901781792	83.329178866	0.000	22050.000	324
18	Waveform 1	1	83.529352179	83.772806208	0.000	22050.000	324
18	Spectrogram 1	1	83.529352179	83.772806208	0.000	22050.000	324
19	Waveform 1	1	83.702475044	83.989209790	0.000	22050.000	324
19	Spectrogram 1	1	83.702475044	83.989209790	0.000	22050.000	324
20	Waveform 1	1	83.989209790	84.254304178	0.000	22050.000	324
20	Spectrogram 1	1	83.989209790	84.254304178	0.000	22050.000	324
21	Waveform 1	1	84.254304178	84.497758207	0.000	22050.000	324
21	Spectrogram 1	1	84.254304178	84.497758207	0.000	22050.000	324
22	Waveform 1	1	84.497758207	84.730392057	0.000	22050.000	324
22	Spectrogram 1	1	84.497758207	84.730392057	0.000	22050.000	324
23	Waveform 1	1	84.730392057	84.995486445	0.000	22050.000	324
23	Spectrogram 1	1	84.730392057	84.995486445	0.000	22050.000	324
24	Waveform 1	1	84.995486445	85.249760654	0.000	22050.000	324
24	Spectrogram 1	1	84.995486445	85.249760654	0.000	22050.000	324
25	Waveform 1	1	85.249760654	85.693387996	0.000	22050.000	324
25	Spectrogram 1	1	85.249760654	85.693387996	0.000	22050.000	324
26	Waveform 1	1	99.208193466	99.538208928	0.000	22050.000	325
26	Spectrogram 1	1	99.208193466	99.538208928	0.000	22050.000	325
27	Waveform 1	1	99.543619018	99.954785823	0.000	22050.000	325
27	Spectrogram 1	1	99.543619018	99.954785823	0.000	22050.000	325
28	Waveform 1	1	100.203649942	100.576946121	0.000	22050.000	325
28	Spectrogram 1	1	100.203649942	100.576946121	0.000	22050.000	325
29	Waveform 1	1	140.951680746	141.216775134	0.000	22050.000	326
29	Spectrogram 1	1	140.951680746	141.216775134	0.000	22050.000	326
30	Waveform 1	1	141.324976924	141.552200685	0.000	22050.000	326
30	Spectrogram 1	1	141.324976924	141.552200685	0.000	22050.000	326
31	Waveform 1	1	141.606301581	141.822705162	0.000	22050.000	326
31	Spectrogram 1	1	141.606301581	141.822705162	0.000	22050.000	326
32	Waveform 1	1	141.865985879	142.125670177	0.000	22050.000	326
32	Spectrogram 1	1	141.865985879	142.125670177	0.000	22050.000	326
33	Waveform 1	1	142.125670177	142.450275550	0.000	22050.000	326
33	Spectrogram 1	1	142.125670177	142.450275550	0.000	22050.000	326
34	Waveform 1	1	142.520606714	142.731600206	0.000	22050.000	326
34	Spectrogram 1	1	142.520606714	142.731600206	0.000	22050.000	326
35	Waveform 1	1	142.796521280	143.023745041	0.000	22050.000	326
35	Spectrogram 1	1	142.796521280	143.023745041	0.000	22050.000	326
36	Waveform 1	1	143.104896384	143.337530235	0.000	22050.000	326
36	Spectrogram 1	1	143.104896384	143.337530235	0.000	22050.000	326
37	Waveform 1	1	143.429501757	143.727056682	0.000	22050.000	326
37	Spectrogram 1	1	143.429501757	143.727056682	0.000	22050.000	326
38	Waveform 1	1	143.797387846	144.089532681	0.000	22050.000	326
38	Spectrogram 1	1	143.797387846	144.089532681	0.000	22050.000	326
39	Waveform 1	1	144.138223487	144.349216979	0.000	22050.000	326
39	Spectrogram 1	1	144.138223487	144.349216979	0.000	22050.000	326
40	Waveform 1	1	144.419548143	144.598081098	0.000	22050.000	326
40	Spectrogram 1	1	144.419548143	144.598081098	0.000	22050.000	326
41	Waveform 1	1	144.706282889	144.933506650	0.000	22050.000	326
41	Spectrogram 1	1	144.706282889	144.933506650	0.000	22050.000	326
42	Waveform 1	1	145.009247904	145.198601038	0.000	22050.000	326
42	Spectrogram 1	1	145.009247904	145.198601038	0.000	22050.000	326
43	Waveform 1	1	145.252701933	145.501566052	0.000	22050.000	326
43	Spectrogram 1	1	145.252701933	145.501566052	0.000	22050.000	326
44	Waveform 1	1	145.588127485	145.766660440	0.000	22050.000	326
44	Spectrogram 1	1	145.588127485	145.766660440	0.000	22050.000	326
45	Waveform 1	1	165.493849136	165.742713255	0.000	22050.000	326
45	Spectrogram 1	1	165.493849136	165.742713255	0.000	22050.000	326
46	Waveform 1	1	165.850915046	166.099779165	0.000	22050.000	326
46	Spectrogram 1	1	165.850915046	166.099779165	0.000	22050.000	326
47	Waveform 1	1	166.153880061	166.424384538	0.000	22050.000	326
47	Spectrogram 1	1	166.153880061	166.424384538	0.000	22050.000	326
48	Waveform 1	1	166.516356060	166.808500895	0.000	22050.000	326
48	Spectrogram 1	1	166.516356060	166.808500895	0.000	22050.000	326
49	Waveform 1	1	166.830141254	167.100645731	0.000	22050.000	326
49	Spectrogram 1	1	166.830141254	167.100645731	0.000	22050.000	326
50	Waveform 1	1	167.208847522	167.473941909	0.000	22050.000	326
50	Spectrogram 1	1	167.208847522	167.473941909	0.000	22050.000	326
51	Waveform 1	1	167.549683163	167.793137192	0.000	22050.000	326
51	Spectrogram 1	1	167.549683163	167.793137192	0.000	22050.000	326
52	Waveform 1	1	167.863468356	168.177253550	0.000	22050.000	326
52	Spectrogram 1	1	167.863468356	168.177253550	0.000	22050.000	326
53	Waveform 1	1	168.225944356	168.512679102	0.000	22050.000	326
53	Spectrogram 1	1	168.225944356	168.512679102	0.000	22050.000	326
54	Waveform 1	1	168.555959818	168.804823937	0.000	22050.000	326
54	Spectrogram 1	1	168.555959818	168.804823937	0.000	22050.000	326
55	Waveform 1	1	168.913025728	169.151069668	0.000	22050.000	326
55	Spectrogram 1	1	168.913025728	169.151069668	0.000	22050.000	326
56	Waveform 1	1	169.259271459	169.562236473	0.000	22050.000	326
56	Spectrogram 1	1	169.259271459	169.562236473	0.000	22050.000	326
57	Waveform 1	1	169.610927279	169.838151040	0.000	22050.000	326
57	Spectrogram 1	1	169.610927279	169.838151040	0.000	22050.000	326
58	Waveform 1	1	279.321914433	279.527497836	0.000	22050.000	326
58	Spectrogram 1	1	279.321914433	279.527497836	0.000	22050.000	326
59	Waveform 1	1	279.614059268	279.852103208	0.000	22050.000	326
59	Spectrogram 1	1	279.614059268	279.852103208	0.000	22050.000	326
60	Waveform 1	1	279.965715089	280.192938850	0.000	22050.000	326
60	Spectrogram 1	1	279.965715089	280.192938850	0.000	22050.000	326
61	Waveform 1	1	280.241629656	280.474263506	0.000	22050.000	326
61	Spectrogram 1	1	280.241629656	280.474263506	0.000	22050.000	326
62	Waveform 1	1	280.566235028	280.809689058	0.000	22050.000	326
62	Spectrogram 1	1	280.566235028	280.809689058	0.000	22050.000	326
63	Waveform 1	1	280.869200043	281.101833893	0.000	22050.000	326
63	Spectrogram 1	1	280.869200043	281.101833893	0.000	22050.000	326
64	Waveform 1	1	281.237086132	281.458899803	0.000	22050.000	326
64	Spectrogram 1	1	281.237086132	281.458899803	0.000	22050.000	326
65	Waveform 1	1	281.588741952	281.799735444	0.000	22050.000	326
65	Spectrogram 1	1	281.588741952	281.799735444	0.000	22050.000	326
66	Waveform 1	1	281.897117056	282.113520638	0.000	22050.000	326
66	Spectrogram 1	1	281.897117056	282.113520638	0.000	22050.000	326
67	Waveform 1	1	282.210902249	282.497636995	0.000	22050.000	326
67	Spectrogram 1	1	282.210902249	282.497636995	0.000	22050.000	326
68	Waveform 1	1	282.567968159	282.789781830	0.000	22050.000	326
68	Spectrogram 1	1	282.567968159	282.789781830	0.000	22050.000	326
69	Waveform 1	1	282.935854248	283.179308278	0.000	22050.000	326
69	Spectrogram 1	1	282.935854248	283.179308278	0.000	22050.000	326
70	Waveform 1	1	283.319970606	283.547194367	0.000	22050.000	326
70	Spectrogram 1	1	283.319970606	283.547194367	0.000	22050.000	326
71	Waveform 1	1	283.671626426	283.898850187	0.000	22050.000	326
71	Spectrogram 1	1	283.671626426	283.898850187	0.000	22050.000	326
72	Waveform 1	1	283.947540993	284.212635380	0.000	22050.000	326
72	Spectrogram 1	1	283.947540993	284.212635380	0.000	22050.000	326
73	Waveform 1	1	284.364117888	284.542650843	0.000	22050.000	326
73	Spectrogram 1	1	284.364117888	284.542650843	0.000	22050.000	326
74	Waveform 1	1	284.618392096	284.861846126	0.000	22050.000	326
74	Spectrogram 1	1	284.618392096	284.861846126	0.000	22050.000	326
75	Waveform 1	1	284.991688275	285.224322125	0.000	22050.000	326
75	Spectrogram 1	1	284.991688275	285.224322125	0.000	22050.000	326
76	Waveform 1	1	285.267602841	285.511056871	0.000	22050.000	326
76	Spectrogram 1	1	285.267602841	285.511056871	0.000	22050.000	326
77	Waveform 1	1	285.619258662	285.884353049	0.000	22050.000	326
77	Spectrogram 1	1	285.619258662	285.884353049	0.000	22050.000	326
78	Waveform 1	1	285.938453945	286.203548332	0.000	22050.000	326
78	Spectrogram 1	1	285.938453945	286.203548332	0.000	22050.000	326
79	Waveform 1	1	286.338800571	286.560614242	0.000	22050.000	326
79	Spectrogram 1	1	286.338800571	286.560614242	0.000	22050.000	326
80	Waveform 1	1	286.603894959	286.868989346	0.000	22050.000	326
80	Spectrogram 1	1	286.603894959	286.868989346	0.000	22050.000	326
81	Waveform 1	1	286.950140689	287.188184629	0.000	22050.000	326
81	Spectrogram 1	1	286.950140689	287.188184629	0.000	22050.000	326
82	Waveform 1	1	287.253105704	287.496559733	0.000	22050.000	326
82	Spectrogram 1	1	287.253105704	287.496559733	0.000	22050.000	326
83	Waveform 1	1	287.599351435	287.853625643	0.000	22050.000	326
83	Spectrogram 1	1	287.599351435	287.853625643	0.000	22050.000	326
84	Waveform 1	1	287.929366897	288.162000747	0.000	22050.000	326
84	Spectrogram 1	1	287.929366897	288.162000747	0.000	22050.000	326
85	Waveform 1	1	288.221511732	288.486606120	0.000	22050.000	326
85	Spectrogram 1	1	288.221511732	288.486606120	0.000	22050.000	326
86	Waveform 1	1	288.497426299	288.811211492	0.000	22050.000	326
86	Spectrogram 1	1	288.497426299	288.811211492	0.000	22050.000	326
87	Waveform 1	1	288.811211492	289.097946238	0.000	22050.000	326
87	Spectrogram 1	1	288.811211492	289.097946238	0.000	22050.000	326
88	Waveform 1	1	289.097946238	289.455012148	0.000	22050.000	326
88	Spectrogram 1	1	289.097946238	289.455012148	0.000	22050.000	326
89	Waveform 1	1	289.455012148	289.795847789	0.000	22050.000	326
89	Spectrogram 1	1	289.455012148	289.795847789	0.000	22050.000	326
90	Waveform 1	1	289.833718416	290.131273341	0.000	22050.000	326
90	Spectrogram 1	1	289.833718416	290.131273341	0.000	22050.000	326
91	Waveform 1	1	290.185374236	290.515389699	0.000	22050.000	326
91	Spectrogram 1	1	290.185374236	290.515389699	0.000	22050.000	326
92	Waveform 1	1	290.515389699	290.850815250	0.000	22050.000	326
92	Spectrogram 1	1	290.515389699	290.850815250	0.000	22050.000	326
93	Waveform 1	1	290.850815250	291.186240802	0.000	22050.000	326
93	Spectrogram 1	1	290.850815250	291.186240802	0.000	22050.000	326
94	Waveform 1	1	291.272802235	291.440515010	0.000	22050.000	326
94	Spectrogram 1	1	291.272802235	291.440515010	0.000	22050.000	326
95	Waveform 1	1	291.500025995	291.802991010	0.000	22050.000	326
95	Spectrogram 1	1	291.500025995	291.802991010	0.000	22050.000	326
96	Waveform 1	1	291.851681816	292.143826651	0.000	22050.000	326
96	Spectrogram 1	1	291.851681816	292.143826651	0.000	22050.000	326
97	Waveform 1	1	292.197927547	292.430561397	0.000	22050.000	326
97	Spectrogram 1	1	292.197927547	292.430561397	0.000	22050.000	326
98	Waveform 1	1	292.522532919	292.749756680	0.000	22050.000	326
98	Spectrogram 1	1	292.522532919	292.749756680	0.000	22050.000	326
99	Waveform 1	1	292.836318113	293.074362053	0.000	22050.000	326
99	Spectrogram 1	1	292.836318113	293.074362053	0.000	22050.000	326
100	Waveform 1	1	293.166333575	293.436838052	0.000	22050.000	326
100	Spectrogram 1	1	293.166333575	293.436838052	0.000	22050.000	326
101	Waveform 1	1	293.496349037	293.815544320	0.000	22050.000	326
101	Spectrogram 1	1	293.496349037	293.815544320	0.000	22050.000	326
102	Waveform 1	1	293.815544320	294.129329514	0.000	22050.000	326
102	Spectrogram 1	1	293.815544320	294.129329514	0.000	22050.000	326
103	Waveform 1	1	294.129329514	294.448524797	0.000	22050.000	326
103	Spectrogram 1	1	294.129329514	294.448524797	0.000	22050.000	326
104	Waveform 1	1	294.448524797	294.843461333	0.000	22050.000	326
104	Spectrogram 1	1	294.448524797	294.843461333	0.000	22050.000	326
105	Waveform 1	1	294.843461333	295.108555721	0.000	22050.000	326
105	Spectrogram 1	1	294.843461333	295.108555721	0.000	22050.000	326
106	Waveform 1	1	295.108555721	295.400700556	0.000	22050.000	326
106	Spectrogram 1	1	295.108555721	295.400700556	0.000	22050.000	326
107	Waveform 1	1	295.460211541	295.784816914	0.000	22050.000	326
107	Spectrogram 1	1	295.460211541	295.784816914	0.000	22050.000	326
108	Waveform 1	1	295.860558168	296.141882824	0.000	22050.000	326
108	Spectrogram 1	1	295.860558168	296.141882824	0.000	22050.000	326
109	Waveform 1	1	296.223034167	296.531409271	0.000	22050.000	326
109	Spectrogram 1	1	296.223034167	296.531409271	0.000	22050.000	326
110	Waveform 1	1	296.531409271	296.920935718	0.000	22050.000	326
110	Spectrogram 1	1	296.531409271	296.920935718	0.000	22050.000	326
111	Waveform 1	1	296.899295360	297.191440195	0.000	22050.000	326
111	Spectrogram 1	1	296.899295360	297.191440195	0.000	22050.000	326
112	Waveform 1	1	297.191440195	297.516045568	0.000	22050.000	326
112	Spectrogram 1	1	297.191440195	297.516045568	0.000	22050.000	326
113	Waveform 1	1	297.516045568	297.808190403	0.000	22050.000	326
113	Spectrogram 1	1	297.516045568	297.808190403	0.000	22050.000	326
114	Waveform 1	1	297.808190403	298.186896671	0.000	22050.000	326
114	Spectrogram 1	1	297.808190403	298.186896671	0.000	22050.000	326
115	Waveform 1	1	298.186896671	298.522322223	0.000	22050.000	326
115	Spectrogram 1	1	298.186896671	298.522322223	0.000	22050.000	326
116	Waveform 1	1	298.522322223	298.754956073	0.000	22050.000	326
116	Spectrogram 1	1	298.522322223	298.754956073	0.000	22050.000	326
117	Waveform 1	1	298.749545984	299.095791715	0.000	22050.000	326
117	Spectrogram 1	1	298.749545984	299.095791715	0.000	22050.000	326
118	Waveform 1	1	323.875143491	324.091547073	0.000	22050.000	326
118	Spectrogram 1	1	323.875143491	324.091547073	0.000	22050.000	326
119	Waveform 1	1	332.262979393	332.560534318	0.000	22050.000	326
119	Spectrogram 1	1	332.262979393	332.560534318	0.000	22050.000	326
120	Waveform 1	1	332.776937900	333.144823989	0.000	22050.000	326
120	Spectrogram 1	1	332.776937900	333.144823989	0.000	22050.000	326
121	Waveform 1	1	343.354791382	343.679396755	0.000	22050.000	327
121	Spectrogram 1	1	343.354791382	343.679396755	0.000	22050.000	327
122	Waveform 1	1	345.405215319	345.648669349	0.000	22050.000	327
122	Spectrogram 1	1	345.405215319	345.648669349	0.000	22050.000	327
123	Waveform 1	1	347.244645764	347.488099793	0.000	22050.000	327
123	Spectrogram 1	1	347.244645764	347.488099793	0.000	22050.000	327
124	Waveform 1	1	348.380764568	348.678319493	0.000	22050.000	327
124	Spectrogram 1	1	348.380764568	348.678319493	0.000	22050.000	327
125	Waveform 1	1	451.451031890	451.678255651	0.000	22050.000	325
125	Spectrogram 1	1	451.451031890	451.678255651	0.000	22050.000	325
126	Waveform 1	1	455.243504660	455.465318331	0.000	22050.000	325
126	Spectrogram 1	1	455.243504660	455.465318331	0.000	22050.000	325
127	Waveform 1	1	459.015286759	459.258740789	0.000	22050.000	325
127	Spectrogram 1	1	459.015286759	459.258740789	0.000	22050.000	325
128	Waveform 1	1	496.129466101	496.351279772	0.000	22050.000	326
128	Spectrogram 1	1	496.129466101	496.351279772	0.000	22050.000	326
129	Waveform 1	1	496.405380668	496.621784249	0.000	22050.000	326
129	Spectrogram 1	1	496.405380668	496.621784249	0.000	22050.000	326
130	Waveform 1	1	496.686705324	497.016720786	0.000	22050.000	326
130	Spectrogram 1	1	496.686705324	497.016720786	0.000	22050.000	326
131	Waveform 1	1	497.043771234	497.352146338	0.000	22050.000	326
131	Spectrogram 1	1	497.043771234	497.352146338	0.000	22050.000	326
132	Waveform 1	1	497.384606875	497.617240725	0.000	22050.000	326
132	Spectrogram 1	1	497.384606875	497.617240725	0.000	22050.000	326
133	Waveform 1	1	497.828234217	497.990536904	0.000	22050.000	326
133	Spectrogram 1	1	497.828234217	497.990536904	0.000	22050.000	326
134	Waveform 1	1	498.098738695	498.320552366	0.000	22050.000	326
134	Spectrogram 1	1	498.098738695	498.320552366	0.000	22050.000	326
