Selection	View	Channel	Begin Time (s)	End Time (s)	Low Freq (Hz)	High Freq (Hz)	Annotation
2	Waveform 1	1	7.940003013	8.086538503	0.000	22050.000	132
2	Spectrogram 1	1	7.940003013	8.086538503	0.000	22050.000	132
3	Waveform 1	1	8.121707021	8.373748064	0.000	22050.000	132
3	Spectrogram 1	1	8.121707021	8.373748064	0.000	22050.000	132
4	Waveform 1	1	8.883691570	9.106425515	0.000	22050.000	132
4	Spectrogram 1	1	8.883691570	9.106425515	0.000	22050.000	132
5	Waveform 1	1	10.272848018	10.442829186	0.000	22050.000	132
5	Spectrogram 1	1	10.272848018	10.442829186	0.000	22050.000	132
6	Waveform 1	1	10.501443383	10.712454489	0.000	22050.000	132
6	Spectrogram 1	1	10.501443383	10.712454489	0.000	22050.000	132
7	Waveform 1	1	10.753484426	10.917604175	0.000	22050.000	132
7	Spectrogram 1	1	10.753484426	10.917604175	0.000	22050.000	132
8	Waveform 1	1	11.023109728	11.239982253	0.000	22050.000	132
8	Spectrogram 1	1	11.023109728	11.239982253	0.000	22050.000	132
9	Waveform 1	1	11.409963422	11.574083171	0.000	22050.000	132
9	Spectrogram 1	1	11.409963422	11.574083171	0.000	22050.000	132
10	Waveform 1	1	11.574083171	11.685450144	0.000	22050.000	132
10	Spectrogram 1	1	11.574083171	11.685450144	0.000	22050.000	132
11	Waveform 1	1	11.685450144	11.990243964	0.000	22050.000	132
11	Spectrogram 1	1	11.685450144	11.990243964	0.000	22050.000	132
12	Waveform 1	1	17.453153163	17.664164269	0.000	22050.000	132
12	Spectrogram 1	1	17.453153163	17.664164269	0.000	22050.000	132
13	Waveform 1	1	17.787254081	18.027572285	0.000	22050.000	132
13	Spectrogram 1	1	17.787254081	18.027572285	0.000	22050.000	132
14	Waveform 1	1	16.480157508	16.714614292	0.000	22050.000	132
14	Spectrogram 1	1	16.480157508	16.714614292	0.000	22050.000	132
15	Waveform 1	1	16.937348237	17.119052245	0.000	22050.000	132
15	Spectrogram 1	1	16.937348237	17.119052245	0.000	22050.000	132
16	Waveform 1	1	23.746438044	23.922280632	0.000	22050.000	132
16	Spectrogram 1	1	23.746438044	23.922280632	0.000	22050.000	132
17	Waveform 1	1	24.092261801	24.209490193	0.000	22050.000	132
17	Spectrogram 1	1	24.092261801	24.209490193	0.000	22050.000	132
18	Waveform 1	1	24.215351613	24.356025684	0.000	22050.000	132
18	Spectrogram 1	1	24.215351613	24.356025684	0.000	22050.000	132
19	Waveform 1	1	24.361887103	24.473254076	0.000	22050.000	132
19	Spectrogram 1	1	24.361887103	24.473254076	0.000	22050.000	132
20	Waveform 1	1	24.602205307	24.760463637	0.000	22050.000	132
20	Spectrogram 1	1	24.602205307	24.760463637	0.000	22050.000	132
21	Waveform 1	1	24.760463637	24.871830609	0.000	22050.000	132
21	Spectrogram 1	1	24.760463637	24.871830609	0.000	22050.000	132
22	Waveform 1	1	24.953890484	25.082841715	0.000	22050.000	132
22	Spectrogram 1	1	24.953890484	25.082841715	0.000	22050.000	132
23	Waveform 1	1	29.945924771	30.162797296	0.000	22050.000	132
23	Spectrogram 1	1	29.945924771	30.162797296	0.000	22050.000	132
24	Waveform 1	1	30.221411493	30.367946983	0.000	22050.000	132
24	Spectrogram 1	1	30.221411493	30.367946983	0.000	22050.000	132
25	Waveform 1	1	30.872029069	31.065455916	0.000	22050.000	132
25	Spectrogram 1	1	30.872029069	31.065455916	0.000	22050.000	132
26	Waveform 1	1	31.065455916	31.194407148	0.000	22050.000	132
26	Spectrogram 1	1	31.065455916	31.194407148	0.000	22050.000	132
27	Waveform 1	1	31.194407148	31.464032450	0.000	22050.000	132
27	Spectrogram 1	1	31.194407148	31.464032450	0.000	22050.000	132
28	Waveform 1	1	31.464032450	31.692627815	0.000	22050.000	132
28	Spectrogram 1	1	31.464032450	31.692627815	0.000	22050.000	132
29	Waveform 1	1	31.845024725	32.056035831	0.000	22050.000	132
29	Spectrogram 1	1	31.845024725	32.056035831	0.000	22050.000	132
30	Waveform 1	1	32.214294160	32.536672239	0.000	22050.000	132
30	Spectrogram 1	1	32.214294160	32.536672239	0.000	22050.000	132
31	Waveform 1	1	33.800685163	33.999973430	0.000	22050.000	132
31	Spectrogram 1	1	33.800685163	33.999973430	0.000	22050.000	132
32	Waveform 1	1	33.999973430	34.199261697	0.000	22050.000	132
32	Spectrogram 1	1	33.999973430	34.199261697	0.000	22050.000	132
33	Waveform 1	1	34.421995642	34.580253971	0.000	22050.000	132
33	Spectrogram 1	1	34.421995642	34.580253971	0.000	22050.000	132
34	Waveform 1	1	46.070716070	46.193805881	0.000	22050.000	132
34	Spectrogram 1	1	46.070716070	46.193805881	0.000	22050.000	132
35	Waveform 1	1	46.234835819	46.393094148	0.000	22050.000	132
35	Spectrogram 1	1	46.234835819	46.393094148	0.000	22050.000	132
36	Waveform 1	1	46.481015442	46.668580870	0.000	22050.000	132
36	Spectrogram 1	1	46.481015442	46.668580870	0.000	22050.000	132
37	Waveform 1	1	46.668580870	46.891314815	0.000	22050.000	132
37	Spectrogram 1	1	46.668580870	46.891314815	0.000	22050.000	132
38	Waveform 1	1	46.938206172	47.037850305	0.000	22050.000	132
38	Spectrogram 1	1	46.938206172	47.037850305	0.000	22050.000	132
39	Waveform 1	1	47.037850305	47.225415733	0.000	22050.000	132
39	Spectrogram 1	1	47.037850305	47.225415733	0.000	22050.000	132
40	Waveform 1	1	47.225415733	47.465733937	0.000	22050.000	132
40	Spectrogram 1	1	47.225415733	47.465733937	0.000	22050.000	132
41	Waveform 1	1	47.588823749	47.747082078	0.000	22050.000	132
41	Spectrogram 1	1	47.588823749	47.747082078	0.000	22050.000	132
42	Waveform 1	1	47.817419113	47.987400282	0.000	22050.000	132
42	Spectrogram 1	1	47.817419113	47.987400282	0.000	22050.000	132
43	Waveform 1	1	48.028430219	48.227718486	0.000	22050.000	132
43	Spectrogram 1	1	48.028430219	48.227718486	0.000	22050.000	132
44	Waveform 1	1	48.227718486	48.473898110	0.000	22050.000	132
44	Spectrogram 1	1	48.227718486	48.473898110	0.000	22050.000	132
45	Waveform 1	1	48.506135918	48.658532828	0.000	22050.000	132
45	Spectrogram 1	1	48.506135918	48.658532828	0.000	22050.000	132
46	Waveform 1	1	48.764038381	48.934019549	0.000	22050.000	132
46	Spectrogram 1	1	48.764038381	48.934019549	0.000	22050.000	132
47	Waveform 1	1	48.934019549	49.127446396	0.000	22050.000	132
47	Spectrogram 1	1	48.934019549	49.127446396	0.000	22050.000	132
48	Waveform 1	1	49.156753494	49.385348859	0.000	22050.000	132
48	Spectrogram 1	1	49.156753494	49.385348859	0.000	22050.000	132
49	Waveform 1	1	50.194224765	50.469711487	0.000	22050.000	132
49	Spectrogram 1	1	50.194224765	50.469711487	0.000	22050.000	132
50	Waveform 1	1	52.527870960	52.785773422	0.000	22050.000	132
50	Spectrogram 1	1	52.527870960	52.785773422	0.000	22050.000	132
51	Waveform 1	1	52.914724654	53.196072795	0.000	22050.000	132
51	Spectrogram 1	1	52.914724654	53.196072795	0.000	22050.000	132
52	Waveform 1	1	53.301578348	53.524312293	0.000	22050.000	132
52	Spectrogram 1	1	53.301578348	53.524312293	0.000	22050.000	132
53	Waveform 1	1	53.518450874	53.688432042	0.000	22050.000	132
53	Spectrogram 1	1	53.518450874	53.688432042	0.000	22050.000	132
54	Waveform 1	1	53.688432042	53.899443148	0.000	22050.000	132
54	Spectrogram 1	1	53.688432042	53.899443148	0.000	22050.000	132
55	Waveform 1	1	54.051840058	54.303881101	0.000	22050.000	132
55	Spectrogram 1	1	54.051840058	54.303881101	0.000	22050.000	132
56	Waveform 1	1	54.385940976	54.655566278	0.000	22050.000	132
56	Spectrogram 1	1	54.385940976	54.655566278	0.000	22050.000	132
57	Waveform 1	1	64.624461348	64.823749614	0.000	22050.000	132
57	Spectrogram 1	1	64.624461348	64.823749614	0.000	22050.000	132
58	Waveform 1	1	64.823749614	64.987869363	0.000	22050.000	132
58	Spectrogram 1	1	64.823749614	64.987869363	0.000	22050.000	132
59	Waveform 1	1	64.987869363	65.210603309	0.000	22050.000	132
59	Spectrogram 1	1	64.987869363	65.210603309	0.000	22050.000	132
60	Waveform 1	1	66.046189833	66.239616681	0.000	22050.000	132
60	Spectrogram 1	1	66.046189833	66.239616681	0.000	22050.000	132
61	Waveform 1	1	66.280646618	66.444766367	0.000	22050.000	132
61	Spectrogram 1	1	66.280646618	66.444766367	0.000	22050.000	132
62	Waveform 1	1	66.444766367	66.603024696	0.000	22050.000	132
62	Spectrogram 1	1	66.444766367	66.603024696	0.000	22050.000	132
63	Waveform 1	1	66.896095677	67.048492587	0.000	22050.000	132
63	Spectrogram 1	1	66.896095677	67.048492587	0.000	22050.000	132
64	Waveform 1	1	67.171248168	67.317783659	0.000	22050.000	132
64	Spectrogram 1	1	67.171248168	67.317783659	0.000	22050.000	132
65	Waveform 1	1	67.511210506	67.599131800	0.000	22050.000	132
65	Spectrogram 1	1	67.511210506	67.599131800	0.000	22050.000	132
66	Waveform 1	1	67.681191674	67.839450004	0.000	22050.000	132
66	Spectrogram 1	1	67.681191674	67.839450004	0.000	22050.000	132
67	Waveform 1	1	67.974262655	68.085629628	0.000	22050.000	132
67	Spectrogram 1	1	67.974262655	68.085629628	0.000	22050.000	132
68	Waveform 1	1	68.155966663	68.372839188	0.000	22050.000	132
68	Spectrogram 1	1	68.155966663	68.372839188	0.000	22050.000	132
69	Waveform 1	1	68.396284867	68.619018812	0.000	22050.000	132
69	Spectrogram 1	1	68.396284867	68.619018812	0.000	22050.000	132
70	Waveform 1	1	68.619018812	68.777277142	0.000	22050.000	132
70	Spectrogram 1	1	68.619018812	68.777277142	0.000	22050.000	132
71	Waveform 1	1	68.859337016	69.082070961	0.000	22050.000	132
71	Spectrogram 1	1	68.859337016	69.082070961	0.000	22050.000	132
72	Waveform 1	1	69.820609832	69.949561064	0.000	22050.000	132
72	Spectrogram 1	1	69.820609832	69.949561064	0.000	22050.000	132
73	Waveform 1	1	73.506793810	73.717804916	0.000	22050.000	132
73	Spectrogram 1	1	73.506793810	73.717804916	0.000	22050.000	132
74	Waveform 1	1	73.741250594	74.028460155	0.000	22050.000	132
74	Spectrogram 1	1	73.741250594	74.028460155	0.000	22050.000	132
75	Waveform 1	1	74.028460155	74.180857065	0.000	22050.000	132
75	Spectrogram 1	1	74.028460155	74.180857065	0.000	22050.000	132
76	Waveform 1	1	74.257055520	74.432898108	0.000	22050.000	132
76	Spectrogram 1	1	74.257055520	74.432898108	0.000	22050.000	132
77	Waveform 1	1	74.509096563	74.638047795	0.000	22050.000	132
77	Spectrogram 1	1	74.509096563	74.638047795	0.000	22050.000	132
78	Waveform 1	1	77.070536933	77.240518102	0.000	22050.000	132
78	Spectrogram 1	1	77.070536933	77.240518102	0.000	22050.000	132
79	Waveform 1	1	77.328439396	77.480836306	0.000	22050.000	132
79	Spectrogram 1	1	77.328439396	77.480836306	0.000	22050.000	132
80	Waveform 1	1	85.601653489	85.783357496	0.000	22050.000	132
80	Spectrogram 1	1	85.601653489	85.783357496	0.000	22050.000	132
81	Waveform 1	1	85.783357496	85.965061504	0.000	22050.000	132
81	Spectrogram 1	1	85.783357496	85.965061504	0.000	22050.000	132
82	Waveform 1	1	85.965061504	86.094012736	0.000	22050.000	132
82	Spectrogram 1	1	85.965061504	86.094012736	0.000	22050.000	132
83	Waveform 1	1	86.094012736	86.305023842	0.000	22050.000	132
83	Spectrogram 1	1	86.094012736	86.305023842	0.000	22050.000	132
84	Waveform 1	1	86.305023842	86.551203465	0.000	22050.000	132
84	Spectrogram 1	1	86.305023842	86.551203465	0.000	22050.000	132
85	Waveform 1	1	86.715323215	86.897027222	0.000	22050.000	132
85	Spectrogram 1	1	86.715323215	86.897027222	0.000	22050.000	132
86	Waveform 1	1	86.897027222	87.143206846	0.000	22050.000	132
86	Spectrogram 1	1	86.897027222	87.143206846	0.000	22050.000	132
87	Waveform 1	1	87.143206846	87.418693568	0.000	22050.000	132
87	Spectrogram 1	1	87.143206846	87.418693568	0.000	22050.000	132
88	Waveform 1	1	89.875470160	90.127511203	0.000	22050.000	132
88	Spectrogram 1	1	89.875470160	90.127511203	0.000	22050.000	132
89	Waveform 1	1	90.274046693	90.479196379	0.000	22050.000	132
89	Spectrogram 1	1	90.274046693	90.479196379	0.000	22050.000	132
90	Waveform 1	1	90.479196379	90.748821681	0.000	22050.000	132
90	Spectrogram 1	1	90.479196379	90.748821681	0.000	22050.000	132
91	Waveform 1	1	99.500013701	99.716886227	0.000	22050.000	132
91	Spectrogram 1	1	99.500013701	99.716886227	0.000	22050.000	132
92	Waveform 1	1	99.722747647	99.927897333	0.000	22050.000	132
92	Spectrogram 1	1	99.722747647	99.927897333	0.000	22050.000	132
93	Waveform 1	1	99.927897333	100.150631278	0.000	22050.000	132
93	Spectrogram 1	1	99.927897333	100.150631278	0.000	22050.000	132
94	Waveform 1	1	102.940667013	103.222015154	0.000	22050.000	132
94	Spectrogram 1	1	102.940667013	103.222015154	0.000	22050.000	132
95	Waveform 1	1	113.594376518	113.934338856	0.000	22050.000	133
95	Spectrogram 1	1	113.594376518	113.934338856	0.000	22050.000	133
96	Waveform 1	1	114.033982989	114.321192550	0.000	22050.000	133
96	Spectrogram 1	1	114.033982989	114.321192550	0.000	22050.000	133
97	Waveform 1	1	114.514619397	114.784244699	0.000	22050.000	133
97	Spectrogram 1	1	114.514619397	114.784244699	0.000	22050.000	133
98	Waveform 1	1	115.018701484	115.247296848	0.000	22050.000	133
98	Spectrogram 1	1	115.018701484	115.247296848	0.000	22050.000	133
99	Waveform 1	1	115.294188205	115.722071837	0.000	22050.000	133
99	Spectrogram 1	1	115.294188205	115.722071837	0.000	22050.000	133
