Selection	View	Channel	Begin Time (s)	End Time (s)	Low Freq (Hz)	High Freq (Hz)	Annotation
1	Waveform 1	1	4.491550181	4.865502479	0.000	22050.000	
1	Spectrogram 1	1	4.491550181	4.865502479	0.000	22050.000	
2	Waveform 1	1	4.865502479	5.216652809	0.000	22050.000	
2	Spectrogram 1	1	4.865502479	5.216652809	0.000	22050.000	
3	Waveform 1	1	5.216652809	5.540440775	0.000	22050.000	
3	Spectrogram 1	1	5.216652809	5.540440775	0.000	22050.000	
4	Waveform 1	1	5.540440775	5.868789134	0.000	22050.000	
4	Spectrogram 1	1	5.540440775	5.868789134	0.000	22050.000	
5	Waveform 1	1	5.868789134	6.174335525	0.000	22050.000	
5	Spectrogram 1	1	5.868789134	6.174335525	0.000	22050.000	
6	Waveform 1	1	6.210818676	6.530046248	0.000	22050.000	
6	Spectrogram 1	1	6.210818676	6.530046248	0.000	22050.000	
7	Waveform 1	1	6.530046248	6.862955002	0.000	22050.000	
7	Spectrogram 1	1	6.530046248	6.862955002	0.000	22050.000	
8	Waveform 1	1	6.862955002	7.218665725	0.000	22050.000	
8	Spectrogram 1	1	6.862955002	7.218665725	0.000	22050.000	
9	Waveform 1	1	7.218665725	7.606299205	0.000	22050.000	
9	Spectrogram 1	1	7.218665725	7.606299205	0.000	22050.000	
10	Waveform 1	1	7.606299205	7.948328747	0.000	22050.000	
10	Spectrogram 1	1	7.606299205	7.948328747	0.000	22050.000	
11	Waveform 1	1	8.003053473	8.372445378	0.000	22050.000	
11	Spectrogram 1	1	8.003053473	8.372445378	0.000	22050.000	
12	Waveform 1	1	8.372445378	8.732716495	0.000	22050.000	
12	Spectrogram 1	1	8.372445378	8.732716495	0.000	22050.000	
13	Waveform 1	1	8.757053116	9.071720295	0.000	22050.000	
13	Spectrogram 1	1	8.757053116	9.071720295	0.000	22050.000	
14	Waveform 1	1	9.071720295	9.450232987	0.000	22050.000	
14	Spectrogram 1	1	9.071720295	9.450232987	0.000	22050.000	
15	Waveform 1	1	9.450232987	9.815064498	0.000	22050.000	
15	Spectrogram 1	1	9.450232987	9.815064498	0.000	22050.000	
16	Waveform 1	1	9.815064498	10.184456403	0.000	22050.000	
16	Spectrogram 1	1	9.815064498	10.184456403	0.000	22050.000	
17	Waveform 1	1	10.184456403	10.544727520	0.000	22050.000	
17	Spectrogram 1	1	10.184456403	10.544727520	0.000	22050.000	
18	Waveform 1	1	10.544727520	10.877636274	0.000	22050.000	
18	Spectrogram 1	1	10.544727520	10.877636274	0.000	22050.000	
19	Waveform 1	1	10.877636274	11.242467785	0.000	22050.000	
19	Spectrogram 1	1	10.877636274	11.242467785	0.000	22050.000	
20	Waveform 1	1	11.242467785	11.575376538	0.000	22050.000	
20	Spectrogram 1	1	11.242467785	11.575376538	0.000	22050.000	
21	Waveform 1	1	11.575376538	11.944768443	0.000	22050.000	
21	Spectrogram 1	1	11.575376538	11.944768443	0.000	22050.000	
22	Waveform 1	1	11.944768443	12.309599954	0.000	22050.000	
22	Spectrogram 1	1	11.944768443	12.309599954	0.000	22050.000	
23	Waveform 1	1	12.309599954	12.660750284	0.000	22050.000	
23	Spectrogram 1	1	12.309599954	12.660750284	0.000	22050.000	
24	Waveform 1	1	12.660750284	13.057504552	0.000	22050.000	
24	Spectrogram 1	1	12.660750284	13.057504552	0.000	22050.000	
25	Waveform 1	1	13.083806532	13.398473710	0.000	22050.000	
25	Spectrogram 1	1	13.083806532	13.398473710	0.000	22050.000	
26	Waveform 1	1	13.425836073	13.713140888	0.000	22050.000	
26	Spectrogram 1	1	13.425836073	13.713140888	0.000	22050.000	
27	Waveform 1	1	13.713140888	14.041489248	0.000	22050.000	
27	Spectrogram 1	1	13.713140888	14.041489248	0.000	22050.000	
28	Waveform 1	1	14.041489248	14.397199971	0.000	22050.000	
28	Spectrogram 1	1	14.041489248	14.397199971	0.000	22050.000	
29	Waveform 1	1	14.397199971	14.771152270	0.000	22050.000	
29	Spectrogram 1	1	14.397199971	14.771152270	0.000	22050.000	
30	Waveform 1	1	14.771152270	15.122302599	0.000	22050.000	
30	Spectrogram 1	1	14.771152270	15.122302599	0.000	22050.000	
31	Waveform 1	1	15.122302599	15.491694504	0.000	22050.000	
31	Spectrogram 1	1	15.122302599	15.491694504	0.000	22050.000	
32	Waveform 1	1	15.487134110	15.856526015	0.000	22050.000	
32	Spectrogram 1	1	15.487134110	15.856526015	0.000	22050.000	
33	Waveform 1	1	15.856526015	16.189434769	0.000	22050.000	
33	Spectrogram 1	1	15.856526015	16.189434769	0.000	22050.000	
34	Waveform 1	1	16.189434769	16.563387067	0.000	22050.000	
34	Spectrogram 1	1	16.189434769	16.563387067	0.000	22050.000	
35	Waveform 1	1	16.563387067	16.937339366	0.000	22050.000	
35	Spectrogram 1	1	16.563387067	16.937339366	0.000	22050.000	
36	Waveform 1	1	16.937339366	17.283929302	0.000	22050.000	
36	Spectrogram 1	1	16.937339366	17.283929302	0.000	22050.000	
37	Waveform 1	1	17.302170877	17.694364751	0.000	22050.000	
37	Spectrogram 1	1	17.302170877	17.694364751	0.000	22050.000	
38	Waveform 1	1	17.717166721	18.027273505	0.000	22050.000	
38	Spectrogram 1	1	17.717166721	18.027273505	0.000	22050.000	
39	Waveform 1	1	18.027273505	18.346501077	0.000	22050.000	
39	Spectrogram 1	1	18.027273505	18.346501077	0.000	22050.000	
40	Waveform 1	1	18.346501077	18.693091013	0.000	22050.000	
40	Spectrogram 1	1	18.346501077	18.693091013	0.000	22050.000	
41	Waveform 1	1	18.725013770	19.067043311	0.000	22050.000	
41	Spectrogram 1	1	18.725013770	19.067043311	0.000	22050.000	
42	Waveform 1	1	19.067043311	19.399952065	0.000	22050.000	
42	Spectrogram 1	1	19.067043311	19.399952065	0.000	22050.000	
43	Waveform 1	1	19.399952065	19.732860819	0.000	22050.000	
43	Spectrogram 1	1	19.399952065	19.732860819	0.000	22050.000	
44	Waveform 1	1	19.732860819	20.047527997	0.000	22050.000	
44	Spectrogram 1	1	19.732860819	20.047527997	0.000	22050.000	
45	Waveform 1	1	20.047527997	20.403238720	0.000	22050.000	
45	Spectrogram 1	1	20.047527997	20.403238720	0.000	22050.000	
46	Waveform 1	1	20.403238720	20.749828655	0.000	22050.000	
46	Spectrogram 1	1	20.403238720	20.749828655	0.000	22050.000	
47	Waveform 1	1	20.736147474	21.132901742	0.000	22050.000	
47	Spectrogram 1	1	20.736147474	21.132901742	0.000	22050.000	
48	Waveform 1	1	21.132901742	21.447568920	0.000	22050.000	
48	Spectrogram 1	1	21.132901742	21.447568920	0.000	22050.000	
