Selection	View	Channel	Begin Time (s)	End Time (s)	Low Freq (Hz)	High Freq (Hz)	Annotation
1	Waveform 1	1	11.062563828	11.233132669	0.000	22050.000	
1	Spectrogram 1	1	11.062563828	11.233132669	0.000	22050.000	
2	Waveform 1	1	11.475230378	11.640296998	0.000	22050.000	
2	Spectrogram 1	1	11.475230378	11.640296998	0.000	22050.000	
3	Waveform 1	1	11.783354735	11.970430238	0.000	22050.000	
3	Spectrogram 1	1	11.783354735	11.970430238	0.000	22050.000	
4	Waveform 1	1	12.504145642	12.680216703	0.000	22050.000	
4	Spectrogram 1	1	12.504145642	12.680216703	0.000	22050.000	
5	Waveform 1	1	13.037861046	13.263452093	0.000	22050.000	
5	Spectrogram 1	1	13.037861046	13.263452093	0.000	22050.000	
6	Waveform 1	1	13.334980962	13.544065347	0.000	22050.000	
6	Spectrogram 1	1	13.334980962	13.544065347	0.000	22050.000	
7	Waveform 1	1	18.280383416	18.434445595	0.000	22050.000	
7	Spectrogram 1	1	18.280383416	18.434445595	0.000	22050.000	
8	Waveform 1	1	18.693049966	18.814098820	0.000	22050.000	
8	Spectrogram 1	1	18.693049966	18.814098820	0.000	22050.000	
9	Waveform 1	1	19.188249825	19.375325328	0.000	22050.000	
9	Spectrogram 1	1	19.188249825	19.375325328	0.000	22050.000	
10	Waveform 1	1	19.771485215	19.909040732	0.000	22050.000	
10	Spectrogram 1	1	19.771485215	19.909040732	0.000	22050.000	
11	Waveform 1	1	20.173147324	20.376729488	0.000	22050.000	
11	Spectrogram 1	1	20.173147324	20.376729488	0.000	22050.000	
12	Waveform 1	1	20.519787225	20.761884935	0.000	22050.000	
12	Spectrogram 1	1	20.519787225	20.761884935	0.000	22050.000	
13	Waveform 1	1	20.871929348	21.059004850	0.000	22050.000	
13	Spectrogram 1	1	20.871929348	21.059004850	0.000	22050.000	
14	Waveform 1	1	41.094558111	41.281633613	0.000	22050.000	
14	Spectrogram 1	1	41.094558111	41.281633613	0.000	22050.000	
15	Waveform 1	1	41.391678026	41.639277956	0.000	22050.000	
15	Spectrogram 1	1	41.391678026	41.639277956	0.000	22050.000	
16	Waveform 1	1	42.277535553	42.596664351	0.000	22050.000	
16	Spectrogram 1	1	42.277535553	42.596664351	0.000	22050.000	
17	Waveform 1	1	46.388397460	46.613988507	0.000	22050.000	
17	Spectrogram 1	1	46.388397460	46.613988507	0.000	22050.000	
18	Waveform 1	1	46.685517376	46.861588437	0.000	22050.000	
18	Spectrogram 1	1	46.685517376	46.861588437	0.000	22050.000	
19	Waveform 1	1	47.043161719	47.241241662	0.000	22050.000	
19	Spectrogram 1	1	47.043161719	47.241241662	0.000	22050.000	
20	Waveform 1	1	47.439321606	47.604388226	0.000	22050.000	
20	Spectrogram 1	1	47.439321606	47.604388226	0.000	22050.000	
21	Waveform 1	1	47.758450405	47.984041452	0.000	22050.000	
21	Spectrogram 1	1	47.758450405	47.984041452	0.000	22050.000	
22	Waveform 1	1	48.149108072	48.330681354	0.000	22050.000	
22	Spectrogram 1	1	48.149108072	48.330681354	0.000	22050.000	
23	Waveform 1	1	48.495747973	48.666316814	0.000	22050.000	
23	Spectrogram 1	1	48.495747973	48.666316814	0.000	22050.000	
24	Waveform 1	1	48.770859006	48.996450054	0.000	22050.000	
24	Spectrogram 1	1	48.770859006	48.996450054	0.000	22050.000	
25	Waveform 1	1	49.095490026	49.293569969	0.000	22050.000	
25	Spectrogram 1	1	49.095490026	49.293569969	0.000	22050.000	
26	Waveform 1	1	49.381605500	49.563178782	0.000	22050.000	
26	Spectrogram 1	1	49.381605500	49.563178782	0.000	22050.000	
27	Waveform 1	1	49.711738740	49.843792036	0.000	22050.000	
27	Spectrogram 1	1	49.711738740	49.843792036	0.000	22050.000	
28	Waveform 1	1	49.948334228	50.124405289	0.000	22050.000	
28	Spectrogram 1	1	49.948334228	50.124405289	0.000	22050.000	
29	Waveform 1	1	50.283969689	50.471045191	0.000	22050.000	
29	Spectrogram 1	1	50.283969689	50.471045191	0.000	22050.000	
30	Waveform 1	1	50.597596266	50.751658445	0.000	22050.000	
30	Spectrogram 1	1	50.597596266	50.751658445	0.000	22050.000	
31	Waveform 1	1	50.828689534	50.993756154	0.000	22050.000	
31	Spectrogram 1	1	50.828689534	50.993756154	0.000	22050.000	
32	Waveform 1	1	66.186227533	66.461338567	0.000	22050.000	
32	Spectrogram 1	1	66.186227533	66.461338567	0.000	22050.000	
33	Waveform 1	1	77.999632151	78.318760950	0.000	22050.000	
33	Spectrogram 1	1	77.999632151	78.318760950	0.000	22050.000	
34	Waveform 1	1	78.791951926	79.160600711	0.000	22050.000	
34	Spectrogram 1	1	78.791951926	79.160600711	0.000	22050.000	
35	Waveform 1	1	79.754840542	80.029951575	0.000	22050.000	
35	Spectrogram 1	1	79.754840542	80.029951575	0.000	22050.000	
36	Waveform 1	1	201.750666543	201.822583591	0.000	22050.000	
36	Spectrogram 1	1	201.750666543	201.822583591	0.000	22050.000	
37	Waveform 1	1	202.277038130	202.408631027	0.000	22050.000	
37	Spectrogram 1	1	202.277038130	202.408631027	0.000	22050.000	
38	Waveform 1	1	203.161464809	203.253273806	0.000	22050.000	
38	Spectrogram 1	1	203.161464809	203.253273806	0.000	22050.000	
40	Waveform 1	1	267.764513628	267.993893264	0.000	22050.000	
40	Spectrogram 1	1	267.764513628	267.993893264	0.000	22050.000	
41	Waveform 1	1	281.708258818	282.019868889	0.000	22050.000	
41	Spectrogram 1	1	281.708258818	282.019868889	0.000	22050.000	
42	Waveform 1	1	282.448332738	282.569514432	0.000	22050.000	
42	Spectrogram 1	1	282.448332738	282.569514432	0.000	22050.000	
43	Waveform 1	1	282.725319468	282.833517409	0.000	22050.000	
43	Spectrogram 1	1	282.725319468	282.833517409	0.000	22050.000	
44	Waveform 1	1	282.946043269	283.119159975	0.000	22050.000	
44	Spectrogram 1	1	282.946043269	283.119159975	0.000	22050.000	
45	Waveform 1	1	283.188406657	283.348539611	0.000	22050.000	
45	Spectrogram 1	1	283.188406657	283.348539611	0.000	22050.000	
46	Waveform 1	1	283.387490870	283.686117188	0.000	22050.000	
46	Spectrogram 1	1	283.387490870	283.686117188	0.000	22050.000	
47	Waveform 1	1	283.725068447	283.872217648	0.000	22050.000	
47	Spectrogram 1	1	283.725068447	283.872217648	0.000	22050.000	
48	Waveform 1	1	283.950120165	284.075629778	0.000	22050.000	
48	Spectrogram 1	1	283.950120165	284.075629778	0.000	22050.000	
49	Waveform 1	1	284.309337331	284.426191108	0.000	22050.000	
49	Spectrogram 1	1	284.309337331	284.426191108	0.000	22050.000	
50	Waveform 1	1	284.564684473	284.772424521	0.000	22050.000	
50	Spectrogram 1	1	284.564684473	284.772424521	0.000	22050.000	
51	Waveform 1	1	284.863310792	285.001804157	0.000	22050.000	
51	Spectrogram 1	1	284.863310792	285.001804157	0.000	22050.000	
52	Waveform 1	1	285.135969604	285.326397981	0.000	22050.000	
52	Spectrogram 1	1	285.135969604	285.326397981	0.000	22050.000	
53	Waveform 1	1	285.443251758	285.599056794	0.000	22050.000	
53	Spectrogram 1	1	285.443251758	285.599056794	0.000	22050.000	
54	Waveform 1	1	285.767845582	285.997225218	0.000	22050.000	
54	Spectrogram 1	1	285.767845582	285.997225218	0.000	22050.000	
55	Waveform 1	1	286.122734830	286.278539866	0.000	22050.000	
55	Spectrogram 1	1	286.122734830	286.278539866	0.000	22050.000	
58	Waveform 1	1	289.992294912	290.200395307	0.000	22050.000	
58	Spectrogram 1	1	289.992294912	290.200395307	0.000	22050.000	
59	Waveform 1	1	290.537028299	290.726766894	0.000	22050.000	
59	Spectrogram 1	1	290.537028299	290.726766894	0.000	22050.000	
60	Waveform 1	1	291.087882285	291.375550478	0.000	22050.000	
60	Spectrogram 1	1	291.087882285	291.375550478	0.000	22050.000	
62	Waveform 1	1	384.241535422	384.529203615	0.000	22050.000	
62	Spectrogram 1	1	384.241535422	384.529203615	0.000	22050.000	
