Selection	View	Channel	Begin Time (s)	End Time (s)	Low Freq (Hz)	High Freq (Hz)	Annotation
1	Waveform 1	1	24.362990680	24.612243087	0.000	22050.000	
1	Spectrogram 1	1	24.362990680	24.612243087	0.000	22050.000	
2	Waveform 1	1	41.786452385	42.009188578	0.000	22050.000	
2	Spectrogram 1	1	41.786452385	42.009188578	0.000	22050.000	
3	Waveform 1	1	47.972961409	48.216910573	0.000	22050.000	
3	Spectrogram 1	1	47.972961409	48.216910573	0.000	22050.000	
4	Waveform 1	1	58.467078629	58.716331036	0.000	22050.000	
4	Spectrogram 1	1	58.467078629	58.716331036	0.000	22050.000	
5	Waveform 1	1	65.517816989	65.756462910	0.000	22050.000	
5	Spectrogram 1	1	65.517816989	65.756462910	0.000	22050.000	
6	Waveform 1	1	99.577546980	99.794979930	0.000	22050.000	
6	Spectrogram 1	1	99.577546980	99.794979930	0.000	22050.000	
7	Waveform 1	1	107.378149461	107.627401868	0.000	22050.000	
7	Spectrogram 1	1	107.378149461	107.627401868	0.000	22050.000	
8	Waveform 1	1	111.721151335	111.959797256	0.000	22050.000	
8	Spectrogram 1	1	111.721151335	111.959797256	0.000	22050.000	
9	Waveform 1	1	128.394279555	128.632925477	0.000	22050.000	
9	Spectrogram 1	1	128.394279555	128.632925477	0.000	22050.000	
10	Waveform 1	1	132.186098083	132.419440761	0.000	22050.000	
10	Spectrogram 1	1	132.186098083	132.419440761	0.000	22050.000	
11	Waveform 1	1	156.712128565	156.908348545	0.000	22050.000	
11	Spectrogram 1	1	156.712128565	156.908348545	0.000	22050.000	
12	Waveform 1	1	172.784134880	173.043993772	0.000	22050.000	
12	Spectrogram 1	1	172.784134880	173.043993772	0.000	22050.000	
13	Waveform 1	1	180.662549334	180.890588770	0.000	22050.000	
13	Spectrogram 1	1	180.662549334	180.890588770	0.000	22050.000	
14	Waveform 1	1	192.258056659	192.486096095	0.000	22050.000	
14	Spectrogram 1	1	192.258056659	192.486096095	0.000	22050.000	
15	Waveform 1	1	197.190728466	197.445284116	0.000	22050.000	
15	Spectrogram 1	1	197.190728466	197.445284116	0.000	22050.000	
16	Waveform 1	1	212.632529808	212.908298428	0.000	22050.000	
16	Spectrogram 1	1	212.632529808	212.908298428	0.000	22050.000	
17	Waveform 1	1	245.802782957	246.030822393	0.000	22050.000	
17	Spectrogram 1	1	245.802782957	246.030822393	0.000	22050.000	
18	Waveform 1	1	250.821814040	251.028640506	0.000	22050.000	
18	Spectrogram 1	1	250.821814040	251.028640506	0.000	22050.000	
19	Waveform 1	1	255.547003282	255.785649203	0.000	22050.000	
19	Spectrogram 1	1	255.547003282	255.785649203	0.000	22050.000	
20	Waveform 1	1	261.006683852	261.218813560	0.000	22050.000	
20	Spectrogram 1	1	261.006683852	261.218813560	0.000	22050.000	
21	Waveform 1	1	267.084282760	267.296412468	0.000	22050.000	
21	Spectrogram 1	1	267.084282760	267.296412468	0.000	22050.000	
22	Waveform 1	1	272.322937358	272.519157338	0.000	22050.000	
22	Spectrogram 1	1	272.322937358	272.519157338	0.000	22050.000	
23	Waveform 1	1	281.842429091	282.070468527	0.000	22050.000	
23	Spectrogram 1	1	281.842429091	282.070468527	0.000	22050.000	
24	Waveform 1	1	285.082710378	285.289536843	0.000	22050.000	
24	Spectrogram 1	1	285.082710378	285.289536843	0.000	22050.000	
25	Waveform 1	1	287.770515253	288.009161174	0.000	22050.000	
25	Spectrogram 1	1	287.770515253	288.009161174	0.000	22050.000	
26	Waveform 1	1	291.214021372	291.426151079	0.000	22050.000	
26	Spectrogram 1	1	291.214021372	291.426151079	0.000	22050.000	
27	Waveform 1	1	295.987977475	296.205410425	0.000	22050.000	
27	Spectrogram 1	1	295.987977475	296.205410425	0.000	22050.000	
28	Waveform 1	1	302.158619168	302.376052118	0.000	22050.000	
28	Spectrogram 1	1	302.158619168	302.376052118	0.000	22050.000	
29	Waveform 1	1	304.343555158	304.566291351	0.000	22050.000	
29	Spectrogram 1	1	304.343555158	304.566291351	0.000	22050.000	
30	Waveform 1	1	307.005191239	307.233230675	0.000	22050.000	
30	Spectrogram 1	1	307.005191239	307.233230675	0.000	22050.000	
31	Waveform 1	1	310.865951921	311.072778386	0.000	22050.000	
31	Spectrogram 1	1	310.865951921	311.072778386	0.000	22050.000	
32	Waveform 1	1	336.408961171	336.674123306	0.000	22050.000	
32	Spectrogram 1	1	336.408961171	336.674123306	0.000	22050.000	
33	Waveform 1	1	340.646252085	340.868988278	0.000	22050.000	
33	Spectrogram 1	1	340.646252085	340.868988278	0.000	22050.000	
34	Waveform 1	1	358.066247598	358.299590276	0.000	22050.000	
34	Spectrogram 1	1	358.066247598	358.299590276	0.000	22050.000	
35	Waveform 1	1	370.843350175	371.076692854	0.000	22050.000	
35	Spectrogram 1	1	370.843350175	371.076692854	0.000	22050.000	
36	Waveform 1	1	375.183695904	375.406432097	0.000	22050.000	
36	Spectrogram 1	1	375.183695904	375.406432097	0.000	22050.000	
37	Waveform 1	1	379.307673345	379.509196567	0.000	22050.000	
37	Spectrogram 1	1	379.307673345	379.509196567	0.000	22050.000	
38	Waveform 1	1	382.182030886	382.436586535	0.000	22050.000	
38	Spectrogram 1	1	382.182030886	382.436586535	0.000	22050.000	
39	Waveform 1	1	388.683978250	388.927927414	0.000	22050.000	
39	Spectrogram 1	1	388.683978250	388.927927414	0.000	22050.000	
40	Waveform 1	1	444.122821425	444.329647890	0.000	22050.000	
40	Spectrogram 1	1	444.122821425	444.329647890	0.000	22050.000	
41	Waveform 1	1	455.077301420	455.273521400	0.000	22050.000	
41	Spectrogram 1	1	455.077301420	455.273521400	0.000	22050.000	
42	Waveform 1	1	459.342535985	459.549362450	0.000	22050.000	
42	Spectrogram 1	1	459.342535985	459.549362450	0.000	22050.000	
43	Waveform 1	1	504.500725893	504.712855601	0.000	22050.000	
43	Spectrogram 1	1	504.500725893	504.712855601	0.000	22050.000	
